00000000000000000000000000000000
00000111111110000011101111111110
00000000000100001100000000000100
00000000001000110000000000001000
00000000010000011000000000010000
00000000100000000100000000100000
00000000010000011000000000010000
00000000001000110000000000001000
00000000000100001100000000000100
00000111111110000011101111111110
00000000000000000000000000000000
00000100000010100000101111111000
00000100000010100000100001000100
00000100000010100000100001000010
00000111111110111111100001000010
00000100000010100000100001000010
00000100000010100000100001000100
00000100000010100000101111111000
00000000000000000000000000000000
00000111111110000000101111111110
00000001000010000000101000000010
00000001000010111111101000000010
00000000100100000000100100000100
00000000011000000000100011111000
00000000000000000000000000000000
00001000011100111111101111111110
00001000100010000100001000100010
00001000100010000100001000100010
00001000100010000100001000100010
00001000100010000100001000100010
00000111000010111111101000100010
00000000000000000000000000000000
